 AL
  0.0000E+00  0.0000E+00  0.0000E+00  0.0000E+00
 -0.8000E+00  0.0000E+00  0.0000E+00  0.0000E+00
  0.2000E+00 -0.1143E+01  0.0000E+00  0.0000E+00
  0.0000E+00  0.3571E+00 -0.1333E+01  0.0000E+00
 AD
  0.5000E+01  0.0000E+00  0.0000E+00  0.0000E+00
  0.0000E+00  0.2800E+01  0.0000E+00  0.0000E+00
  0.0000E+00  0.0000E+00  0.2143E+01  0.0000E+00
  0.0000E+00  0.0000E+00  0.0000E+00  0.8333E+00
 AU
  0.0000E+00 -0.8000E+00  0.2000E+00  0.0000E+00
  0.0000E+00  0.0000E+00 -0.1143E+01  0.3571E+00
  0.0000E+00  0.0000E+00  0.0000E+00 -0.1333E+01
  0.0000E+00  0.0000E+00  0.0000E+00  0.0000E+00
 A
  0.5000E+01 -0.4000E+01  0.1000E+01  0.0000E+00
 -0.4000E+01  0.6000E+01 -0.4000E+01  0.1000E+01
  0.1000E+01 -0.4000E+01  0.6000E+01 -0.4000E+01
  0.0000E+00  0.1000E+01 -0.4000E+01  0.5000E+01
 X
  0.1600E+01
  0.2600E+01
  0.2400E+01
  0.1400E+01
