 要素番号           1 の要素剛性
  0.2500E+06,  0.1786E+06, -0.2143E+06, -0.3571E+05, -0.3571E+05, -0.1429E+06,
  0.1786E+06,  0.2500E+06, -0.1429E+06, -0.3571E+05, -0.3571E+05, -0.2143E+06,
 -0.2143E+06, -0.1429E+06,  0.2143E+06,  0.0000E+00,  0.0000E+00,  0.1429E+06,
 -0.3571E+05, -0.3571E+05,  0.0000E+00,  0.3571E+05,  0.3571E+05,  0.0000E+00,
 -0.3571E+05, -0.3571E+05,  0.0000E+00,  0.3571E+05,  0.3571E+05,  0.0000E+00,
 -0.1429E+06, -0.2143E+06,  0.1429E+06,  0.0000E+00,  0.0000E+00,  0.2143E+06,
 要素番号           2 の要素剛性
  0.2500E+06,  0.1786E+06, -0.2143E+06, -0.3571E+05, -0.3571E+05, -0.1429E+06,
  0.1786E+06,  0.2500E+06, -0.1429E+06, -0.3571E+05, -0.3571E+05, -0.2143E+06,
 -0.2143E+06, -0.1429E+06,  0.2143E+06,  0.0000E+00,  0.0000E+00,  0.1429E+06,
 -0.3571E+05, -0.3571E+05,  0.0000E+00,  0.3571E+05,  0.3571E+05,  0.0000E+00,
 -0.3571E+05, -0.3571E+05,  0.0000E+00,  0.3571E+05,  0.3571E+05,  0.0000E+00,
 -0.1429E+06, -0.2143E+06,  0.1429E+06,  0.0000E+00,  0.0000E+00,  0.2143E+06,
 要素番号           3 の要素剛性
  0.2500E+06,  0.1786E+06, -0.2143E+06, -0.3571E+05, -0.3571E+05, -0.1429E+06,
  0.1786E+06,  0.2500E+06, -0.1429E+06, -0.3571E+05, -0.3571E+05, -0.2143E+06,
 -0.2143E+06, -0.1429E+06,  0.2143E+06,  0.0000E+00,  0.0000E+00,  0.1429E+06,
 -0.3571E+05, -0.3571E+05,  0.0000E+00,  0.3571E+05,  0.3571E+05,  0.0000E+00,
 -0.3571E+05, -0.3571E+05,  0.0000E+00,  0.3571E+05,  0.3571E+05,  0.0000E+00,
 -0.1429E+06, -0.2143E+06,  0.1429E+06,  0.0000E+00,  0.0000E+00,  0.2143E+06,
 要素番号           4 の要素剛性
  0.2500E+06,  0.1786E+06, -0.2143E+06, -0.3571E+05, -0.3571E+05, -0.1429E+06,
  0.1786E+06,  0.2500E+06, -0.1429E+06, -0.3571E+05, -0.3571E+05, -0.2143E+06,
 -0.2143E+06, -0.1429E+06,  0.2143E+06,  0.0000E+00,  0.0000E+00,  0.1429E+06,
 -0.3571E+05, -0.3571E+05,  0.0000E+00,  0.3571E+05,  0.3571E+05,  0.0000E+00,
 -0.3571E+05, -0.3571E+05,  0.0000E+00,  0.3571E+05,  0.3571E+05,  0.0000E+00,
 -0.1429E+06, -0.2143E+06,  0.1429E+06,  0.0000E+00,  0.0000E+00,  0.2143E+06,
 要素番号           5 の要素剛性
  0.2500E+06,  0.1786E+06, -0.2143E+06, -0.3571E+05, -0.3571E+05, -0.1429E+06,
  0.1786E+06,  0.2500E+06, -0.1429E+06, -0.3571E+05, -0.3571E+05, -0.2143E+06,
 -0.2143E+06, -0.1429E+06,  0.2143E+06,  0.0000E+00,  0.0000E+00,  0.1429E+06,
 -0.3571E+05, -0.3571E+05,  0.0000E+00,  0.3571E+05,  0.3571E+05,  0.0000E+00,
 -0.3571E+05, -0.3571E+05,  0.0000E+00,  0.3571E+05,  0.3571E+05,  0.0000E+00,
 -0.1429E+06, -0.2143E+06,  0.1429E+06,  0.0000E+00,  0.0000E+00,  0.2143E+06,
